0 2 30 100 50 100 70 100 0 0.5 80 100 60 100 6 9 0 15 0 0.5 0 0.1 0 0.03 0 4 60 100 0 40 0 60 60 100 0.6 1.0

2 4 20 30 40 50 60 70 0.5 0.8 60 80 40 60 5 6 15 20 0.5 1.0 0.1 0.2 0.03 0.05 4 6 40 60 40 50 60 80 40 60 0.4 0.6

4 6 10 20 30 40 40 60 0.8 1.2 40 60 20 40 3 5 20 30 1.0 1.5 0.2 0.3 0.05 0.5 6 10 20 40 50 60 80 100 20 40 0.3 0.4

6 15 0 10 0 30 0 40 1.2 3 0 40 80 100 2 3 30 40 1.5 2.0 0.3 0.4 0.5 1.0 10 15 80 100 80 100 100 130 0 40 0 0.3 

0 15 0 100 0 100 0 100 0 3.0 0 100 0 100 2 9 0 40 0 2.0 0 0.4 0 1.0 0 15 0 100 0 100 0 130 0 100 0 1.0

12.2 28 36 50 1 50 35 8.542 15.6460 0.443 0.425 0.256 3.263 45 12.05 81 41 0.42